====================================================================================================
##	Init Params				Final Params				Final Q Func
1	[0.3745, 0.9507, 0.7320, 0.5987]	[0.2294, 0.7706, 3.5013, 0.8939]	216.4861
2	[0.1560, 0.1560, 0.0581, 0.8662]	[0.0790, 0.5169, 1.0902, 5.2811]	2.1194
3	[0.6011, 0.7081, 0.0206, 0.9699]	[0.2294, 0.7706, 3.5013, 0.8959]	216.5306
4	[0.8324, 0.2123, 0.1818, 0.1834]	[0.2294, 0.7706, 3.5013, 0.8937]	216.4952
5	[0.3042, 0.5248, 0.4319, 0.2912]	[0.0988, 0.3588, 5.6030, 1.2679]	6.1642
6	[0.6119, 0.1395, 0.2921, 0.3664]	[0.1110, 0.5505, 1.3622, 5.7550]	8.2233
7	[0.4561, 0.7852, 0.1997, 0.5142]	[0.2294, 0.7706, 3.5013, 0.8933]	216.5011
8	[0.5924, 0.0465, 0.6075, 0.1705]	[0.1077, 0.3328, 5.8033, 1.3702]	13.5709
9	[0.0651, 0.9489, 0.9656, 0.8084]	[0.2294, 0.7706, 3.5013, 0.8928]	216.4700
10	[0.3046, 0.0977, 0.6842, 0.4402]	[0.1278, 0.3095, 5.9841, 1.5037]	16.1698
----------------------------------------------------------------------------------------------------
Best Params: [0.2294, 0.7706, 3.5013, 0.8959]
Best Q: 216.5306
==================================================================================================== 

Cov = 
 [[ 1.78e-04 -1.71e-04  1.41e-04  3.23e-04]
 [-1.71e-04  1.71e-04 -1.25e-04 -2.84e-04]
 [ 1.41e-04 -1.25e-04  3.47e-03  9.97e-04]
 [ 3.23e-04 -2.84e-04  9.97e-04  6.11e+02]]
SE = 
[1.33e-02 1.31e-02 5.89e-02 2.47e+01]
Corr = 
 [[ 1.00e+00 -9.76e-01  1.19e-01  6.43e-04]
 [-9.76e-01  1.00e+00 -9.84e-02 -5.33e-04]
 [ 1.19e-01 -9.84e-02  1.00e+00  6.07e-04]
 [ 6.43e-04 -5.33e-04  6.07e-04  1.00e+00]]

 ==================================================================================================== 

# Final Solution:
 [0.13526948 0.56446378 1.55748667 6.0574648 ]
# Final Q Function: 
 19.105449067814334
# SE = 
[0.01 0.01 0.02 0.06]
# Corr = 
 [[ 1.     -0.793   0.2673  0.2673]
 [-0.7923  1.     -0.7994 -0.7994]
 [ 0.2662 -0.7987  1.      1.    ]
 [ 0.2662 -0.7987  1.      1.    ]]

 ==================================================================================================== 

# Cov = 
 [[ 0.0001 -0.0001  0.0005  0.0007]
 [-0.0001  0.0004 -0.0002 -0.0005]
 [ 0.0005 -0.0002  0.0077  0.0067]
 [ 0.0007 -0.0005  0.0067  0.0331]]
# SE = 
 [0.01 0.02 0.09 0.18]
# Corr = 
 [[ 1.     -0.4791  0.5272  0.3333]
 [-0.4791  1.     -0.1358 -0.1362]
 [ 0.5272 -0.1358  1.      0.4171]
 [ 0.3333 -0.1362  0.4171  1.    ]]
